3.12675714229
2.94535682151
4.41953889151
-0.0
0.793549122533
1.72031435362
0.0280143761696
-0.0
1.30666133823
-0.0
-0.0
-0.0
-0.0
1.67242534197
-0.0
1.76553474636
-0.0
3.2587342684
0.143364175171
1.10535300015
0.435215381216
0.307428525192
1.13245029602
-0.0
0.3168964078
0.0836579290469
0.947532580106
3.72022233033
-0.0
-0.0
1.07038932789
0.222392421336
0.273018494406
-0.0
-0.0
0.280107919193
5.13145085363
-0.0
0.289506617195
0.371367027622
3.59825932333
1.64490504118
-0.0
0.299560281859
-0.0
-0.0
-0.0
1.41503749928
0.314873337353
4.04576824561
1.4660506652
0.0101957671059
0.980371193251
0.0972972013549
1.1963972128
0.526068811668
-0.0
2.85345133665
0.121990524379
0.321928094887
0.352301743931
-0.0
2.69321539137
0.153246260296
-0.0
-0.0
1.0
1.59454854955
1.46203497882
-0.0
0.362570079385
0.0655883416276
0.807354922058
0.584962500721
-0.0
0.120294233718
-0.0
4.32075150515
0.0544477840224
1.52153712058
0.138976413149
0.0317088597273
0.402098443571
-0.0
2.81072964884
5.18322182406
0.982441628616
1.13750352375
1.13750352375
-0.0
2.39696290756
1.20004151268
1.09508254585
0.362570079385
0.568842835358
2.43768623822
-0.0
0.204617719608
0.0306605527018
0.053771256441
-0.0
0.0322403370002
0.192645077942
3.87656048582
0.396890152569
-0.0
0.111031312389
0.523561956057
1.67807190511
1.716207034
-0.0
1.44057259139
0.454031630895
2.90336752904
0.728195384538
1.4924815847
1.40209844357
2.45943161864
0.0259952085329
0.402098443571
1.39787694812
0.241972790306
1.86231150349
0.146220740851
0.0264722113612
7.45199603842
0.106915203917
0.280107919193
-0.0
0.211504105194
0.925999418556
0.152003093445
1.7589919005
1.14684138833
0.60145062351
-0.0
3.85085656069
2.49353947296
-0.0
2.24376607213
-0.0
0.438121112392
1.16635838642
0.00452255869069
5.14144490175
-0.0
1.78427130894
-0.0
0.0759488532333
3.15650448568
4.15650448568
0.156837952151
2.77913504841
1.81398801439
0.498602215918
0.0353124806867
1.98268883668
0.205114429905
3.32192809489
0.0264722113612
-0.0
0.0105383597939
0.100722588501
1.48542682717
1.83650126772
0.0843921872904
0.0306967972229
0.79441586635
0.152003093445
4.80665847259
-0.0
-0.0
0.754887502163
0.420715481255
-0.0
0.0962153152593
-0.0
-0.0
5.74595437739
-0.0
0.00591269286989
-0.0
0.0129390557075
3.14789869511
0.0091794267744
-0.0
-0.0
0.00608732987891
1.13148392514
0.885621978855
0.0780025120013
0.00569111207786
4.56768450929
-0.0
1.76220288567
0.359895945086
-0.0
3.13637244173
6.63807383718
-0.0
-0.0
-0.0
1.39444059467
-0.0
0.188445089413
0.76733924321
-0.0
4.72402653846
0.350864578732
0.0586088247934
2.03394733192
4.73335434061
-0.0
-0.0
1.14438990934
0.0137103800309
1.97400479147
-0.0
4.38851199589
0.267222202797
1.80735492206
0.13750352375
0.0955776599822
0.0655883416276
-0.0
0.836501267717
1.14222207265
0.231005551641
-0.0
-0.0
-0.0
-0.0
0.0811066795247
-0.0
3.48014759568
0.387023123109
0.16505924627
0.789609371868
-0.0
-0.0
3.01495034147
-0.0
4.0
-0.0
0.206450877467
-0.0
0.0614005446641
0.169925001442
0.248423711227
0.228216546058
-0.0
0.203533394085
1.33880191345
0.930459066747
2.59610305833
1.88452278258
0.700439718141
0.639824435756
4.31711107859
1.54571168464
0.192732152514
4.76518305537
0.858885222698
0.751794828652
1.28177096842
0.615336149765
-0.0
3.43812111239
5.34078712214
5.86937792403
4.60665757182
3.15650448568
0.00877020962773
0.0324214776924
-0.0
-0.0
1.66837850891
2.20988178287
0.0185593294957
0.317482189856
0.0354053361312
0.0241124561168
0.394278939112
-0.0
0.037232906199
0.415037499279
-0.0
-0.0
-0.0
-0.0
0.334419039071
-0.0
-0.0
-0.0
0.11547721742
-0.0
-0.0
-0.0
-0.0
0.0395283641866
-0.0
-0.0
0.103093492964
-0.0
-0.0
-0.0
1.8410755399
0.459431618637
0.678071905113
1.88535743406
-0.0
0.341036917835
0.237250380064
0.257496222292
0.0935568210615
0.628031222613
0.0103050083917
0.0721497857558
0.280107919193
1.44057259139
-0.0
1.12101540096
-0.0
1.22239242134
-0.0
-0.0
0.117237675284
0.505038956424
0.91253715875
0.00610019953642
5.70043971814
0.0189735011163
0.633517524886
-0.0
2.67807190511
-0.0
1.4280295195
3.69106392533
0.0433274316641
-0.0
0.719892080807
0.131244533278
4.2740995698
0.0819933721973
0.169925001442
0.512061953674
-0.0
1.02287446625
6.21269902513
2.74495838492
-0.0
1.01348693666
0.0127110517496
2.24962900561
-0.0
-0.0
-0.0
0.941106310946
1.32192809489
0.192645077942
-0.0
-0.0
0.791413378189
-0.0
-0.0
-0.0
0.0614005446641
0.217837853037
2.07697604804
2.09441064137
0.0303736490435
-0.0
1.33120590848
1.39231742278
2.1527702804
0.106915203917
0.106915203917
0.341036917835
4.2410080995
-0.0
0.263034405834
0.211504105194
0.0721497857558
0.00256024031856
-0.0
-0.0
0.0524674198941
-0.0
0.51457317283
5.13750352375
0.453318494911
1.97832999636
0.570315724757
0.208946890271
2.86249647625
0.992450558174
2.06833712976
2.31451062332
0.330148601692
2.04949594271
-0.0
2.21518039301
4.5487698491
-0.0
3.15677962539
0.263034405834
0.167294745398
0.124305663292
-0.0
-0.0
-0.0
-0.0
1.26303440583
-0.0
0.144389909335
3.37926126995
0.30256277002
-0.0
1.04730571478
-0.0
2.23466125867
-0.0
-0.0
-0.0
3.40599235968
-0.0
-0.0
-0.0
-0.0
-0.0
-0.0
-0.0
-0.0
0.0278893971735
1.70043971814
-0.0
-0.0
0.948774676645
-0.0
3.63305678892
0.380632565626
0.118255274375
0.527778711629
-0.0
0.0861566437497
0.0524674198941
-0.0
-0.0
-0.0
1.4525122047
-0.0
2.77444029958
0.617912922522
0.584962500721
1.0285691522
1.01090889917
0.251538766996
0.0244945619207
1.39356596898
4.18313054024
1.22239242134
0.755196331243
2.36257007938
2.07038932789
0.11547721742
0.678071905113
0.104969559602
-0.0
0.146220740851
1.58496250072
0.695145418472
3.41028396931
0.142957953842
-0.0
-0.0
4.85798099513
-0.0
0.169925001442
-0.0
1.86507041991
0.719892080807
0.0524674198941
0.0544477840224
1.08746284125
5.38575970676
3.04134079538
1.01380579953
0.0186156781673
1.5305147167
-0.0
6.03596221318
0.692265786695
-0.0
3.50250034053
5.07324898203
-0.0
-0.0
-0.0
1.80735492206
-0.0
0.405992359676
0.222392421336
1.06413033742
2.86875546672
0.234465253637
0.114419910637
-0.0
0.968291140273
-0.0
-0.0
-0.0
0.00524935099782
3.86507041991
0.0163171772299
1.1119106024
0.105199288112
0.0305490633596
-0.0
0.05062607307
1.86249647625
2.10638934459
-0.0
-0.0
-0.0
-0.0
0.289506617195
-0.0
2.15754127699
0.758991900496
-0.0
-0.0
-0.0
3.21790503034
-0.0
0.415037499279
-0.0
-0.0
-0.0
0.0475182039224
0.0206634159832
0.0195469749258
0.0143019267
0.345135486049
1.44057259139
-0.0
0.00836347293463
3.48828648131
4.07324898203
0.859822341952
1.94651766973
0.231325546106
-0.0
-0.0
0.296981737757
0.0579831841064
1.34792330342
-0.0
-0.0
-0.0
-0.0
2.42998784074
0.570315724757
0.896906507036
-0.0
0.183446141096
-0.0
3.11973924427
6.30638724399
1.05658352837
0.053771256441
-0.0
-0.0
6.652844973
0.362570079385
2.78248025342
1.30812229536
2.95240525486
3.33628338786
1.87900691779
-0.0
0.932885804141
-0.0
0.637429920615
-0.0
1.0
1.07038932789
-0.0
3.23521646169
-0.0
-0.0
-0.0
-0.0
6.06295374768
0.00933786457934
1.28010791919
2.03069679722
0.011027022149
0.263034405834
0.0646529583423
-0.0
-0.0
2.86789646399
-0.0
0.125530882084
4.02606229659
6.02606229659
0.211504105194
0.222392421336
-0.0
3.7041342017
7.46760555008
-0.0
0.169925001442
-0.0
0.065423074998
0.86249647625
1.35734377844
1.04832640726
0.00628626284743
-0.0
0.279154071197
0.0565835283664
1.54432051622
0.0874628412503
-0.0
-0.0
0.206450877467
0.637429920615
2.32192809489
-0.0
0.700439718141
-0.0
-0.0
0.11547721742
3.47573343097
1.0
-0.0
-0.0
2.37345839553
3.89077093025
0.289506617195
0.974464907893
0.223626021276
0.1405763578
0.874469117916
2.23878685959
4.09837174042
3.19753723265
-0.0
0.373458395527
1.92283213948
-0.0
-0.0
-0.0
2.07038932789
0.222392421336
-0.0
-0.0
-0.0
4.20945336563
2.25986712676
-0.0
-0.0
2.5077946402
-0.0
1.46767897902
0.134301091712
-0.0
0.842458723014
3.2370391973
4.42998784074
-0.0
2.69302224658
-0.0
0.169925001442
2.84502534002
0.0331668639352
0.0703893278914
-0.0
-0.0
-0.0
-0.0
0.836501267717
0.847996906555
-0.0
0.128324096976
0.0939658573943
1.65207669658
0.18286405715
0.362570079385
1.35049724708
1.84502534002
0.43063435433
4.65821148275
1.27301849441
-0.0
-0.0
-0.0
-0.0
0.410788026277
4.64934172886
0.222392421336
3.21790503034
0.163498732283
0.0458036896131
2.75488750216
-0.0
-0.0
0.263034405834
-0.0
-0.0
0.169925001442
3.14433208009
0.0913963287409
6.00109919627
1.00252528516
0.783734037827
1.19264507794
0.129950636294
1.84799690655
0.946418959795
0.289506617195
1.88452278258
0.0671141958585
2.0
4.48542682717
0.0213105062454
1.32192809489
1.12553088208
2.2370391973
0.0544477840224
1.70043971814
-0.0
-0.0
-0.0
-0.0
1.79441586635
2.1738294559
1.30485458153
0.289506617195
2.69031550087
2.62449086491
2.80952275874
1.36257007938
3.07324898203
-0.0
0.783376059123
-0.0
-0.0
2.0
0.0931094043915
-0.0
0.698344300139
-0.0
-0.0
1.18762700318
-0.0
-0.0
-0.0
-0.0
-0.0
-0.0
-0.0
0.888968687611
0.498602215918
0.296981737757
1.0
-0.0
0.0305883198334
0.192645077942
2.44864102951
0.275634442613
1.68280982412
2.078002512
2.24792751344
-0.0
0.710493382805
3.32192809489
2.28688114779
1.47393118833
2.45943161864
3.38151689118
-0.0
-0.0
1.73696559417
2.32192809489
4.07713939798
5.80665847259
-0.0
1.21450003693
1.18442457114
1.2923056908
2.85536029497
3.51937415909
5.42253203583
-0.0
-0.0
-0.0
1.92599941856
1.01508933612
0.168256181082
5.05611660438
0.120294233718
-0.0
2.19264507794
5.04102726826
-0.0
-0.0
-0.0
0.0931094043915
1.09953567355
6.10922124261
-0.0
1.13750352375
-0.0
-0.0
0.211504105194
0.253756592246
0.321928094887
-0.0
-0.0
-0.0
-0.0
-0.0
-0.0
0.48542682717
1.1758498354
0.224123309416
-0.0
0.91743175539
3.31676638977
-0.0
1.71484278327
0.0983020736118
-0.0
0.0681715026416
3.62449086491
0.11547721742
1.23446525364
-0.0
1.22239242134
0.906890595609
0.332575339087
3.61470984412
0.0136749368971
3.29545588353
5.41878963414
-0.0
0.12898644072
0.459431618637
-0.0
-0.0
4.33703498728
3.7948855701
0.289506617195
6.35813834685
0.0851673832627
4.41503749928
-0.0
-0.0
0.0911478880582
-0.0
-0.0
0.616671360448
0.0641303374197
0.468386923872
1.0
0.0114047632722
5.29147034575
0.283792966001
1.10691520392
4.67626183534
0.242856523896
0.146220740851
0.0655883416276
-0.0
-0.0
0.0406419844973
-0.0
-0.0
-0.0
0.0524674198941
3.0
4.74416109557
-0.0
0.80296315294
0.257157839497
-0.0
-0.0
0.499571009491
-0.0
-0.0
5.25824480443
-0.0
-0.0
2.45338890806
-0.0
0.0780025120013
-0.0
-0.0
-0.0
-0.0
-0.0
0.801454320618
0.249978253008
1.15754127699
-0.0
0.11547721742
0.11547721742
1.0
0.152003093445
0.334419039071
-0.0
0.192645077942
-0.0
0.0565835283664
-0.0
0.0641303374197
-0.0
-0.0
0.11547721742
0.334419039071
-0.0
-0.0
-0.0
-0.0
1.78667966078
-0.0
0.0769619818149
5.00898878323
0.00893312477001
0.21351426999
2.70043971814
-0.0
2.18220333122
6.15264701001
3.48206259314
0.299560281859
1.46360246584
1.18442457114
7.30884461803
2.2051144299
3.12292188516
-0.0
0.859822341952
1.40541308039
0.500570313431
2.45456586347
1.75829410361
2.62669625903
-0.0
0.347098670622
-0.0
1.03102689562
0.125530882084
0.0931094043915
0.710493382805
6.1925479104
0.788495894806
-0.0
4.75822321473
-0.0
-0.0
3.85190136101
-0.0
-0.0
-0.0
-0.0
3.62773652441
4.89077093025
-0.0
1.37851162325
1.22780591752
0.443129806308
-0.0
2.93586966258
6.99498192523
2.81713594285
0.11547721742
1.83441393428
0.34792330342
3.2051144299
2.40209844357
0.94937392693
3.0
1.80735492206
2.7176002693
1.33703498728
0.131744254461
2.14155414421
0.555518722829
0.0246620542343
0.0174874267288
0.768674453894
0.0740005814438
-0.0
0.0544477840224
1.79518020811
0.0404142684459
1.0285691522
0.321928094887
-0.0
-0.0
-0.0
3.86507041991
-0.0
-0.0
-0.0
-0.0
-0.0
-0.0
-0.0
3.42449782853
-0.0
3.58496250072
0.329705445479
-0.0
-0.0
2.72246602447
0.0864147518175
0.106915203917
0.383328639552
1.65392412435
0.136861517491
2.3055469533
2.60153178094
2.78400983272
-0.0
2.3375813592
0.923378718397
3.20819501837
0.0458036896131
0.0544477840224
0.0443941193585
0.238159737195
0.0473057147784
0.215728691055
1.37207420287
1.23757882515
0.0531113364596
-0.0
0.0614005446641
-0.0
2.48291997156
-0.0
-0.0
0.954196310387
-0.0
1.19930880822
0.241008099504
1.2410080995
0.237039197301
1.89141918685
0.00539325877022
0.247927513444
0.152003093445
-0.0
1.55019708256
-0.0
-0.0
0.633872101202
0.637429920615
-0.0
0.48542682717
-0.0
0.647698256069
-0.0
0.0931094043915
-0.0
-0.0
2.51331445961
0.0356239097307
0.06439058727
1.20945336563
-0.0
7.66259991212
-0.0
4.82388081915
0.961525852185
0.334419039071
0.0816837975937
3.57634937042
-0.0
1.22826898767
6.13222429226
0.023458972824
1.07275634244
0.953829818567
0.174497731232
3.00228094125
1.07400058144
-0.0
0.211504105194
1.13750352375
-0.0
0.760049207279
0.133266530863
0.169925001442
-0.0
-0.0
-0.0
-0.0
-0.0
0.0395283641866
1.76553474636
0.152003093445
0.0264722113612
3.32192809489
0.0590947475224
0.345711428643
0.0588936890536
0.2054691183
0.0745469533651
0.265811490504
0.825970600225
0.0995356735509
0.602664502455
-0.0
-0.0
-0.0
0.192645077942
0.540568381363
1.33064531199
0.0470851360697
0.24862396291
-0.0
0.255257055242
1.39231742278
-0.0
0.0780025120013
0.646363045385
-0.0
-0.0
0.584962500721
0.208586621811
0.0418201756946
1.15919859485
-0.0
0.195920209975
-0.0
-0.0
1.80735492206
-0.0
0.893084796083
1.04730571478
2.37345839553
1.44057259139
0.241008099504
-0.0
0.309483328521
0.753085259529
0.520571913451
0.214124805353
0.330148601692
-0.0
0.0931094043915
3.72246602447
2.50901364749
-0.0
3.09149835449
0.917537839808
0.0995356735509
-0.0
1.01885902725
0.214124805353
-0.0
2.84434912954
2.5305147167
0.943416471634
-0.0
8.31136990319
1.18844508941
1.24591022804
0.0780025120013
-0.0
0.234465253637
-0.0
0.978938384472
1.2370391973
4.12051280732
1.18641312423
4.45943161864
6.72109918871
1.12928301694
-0.0
2.09163047547
-0.0
-0.0
0.152003093445
0.378511623254
0.469485283301
-0.0
0.0641303374197
-0.0
0.163498732283
-0.0
0.476438043943
0.387023123109
3.11189288007
0.866733469137
0.0901978089716
1.04629365227
1.14684138833
-0.0
1.0
-0.0
0.192645077942
0.415037499279
-0.0
-0.0
0.0246620542343
-0.0
0.103093492964
2.23116263096
0.782408564927
-0.0
-0.0
-0.0
-0.0
0.0740005814438
5.52576118673
-0.0
5.4311493375
0.31315788526
-0.0
7.12584393298
-0.0
0.0303736490435
0.152003093445
0.0588936890536
-0.0
0.736965594166
-0.0
6.30864240414
-0.0
4.04669323545
1.78849589481
3.07744408543
-0.0
-0.0
0.0151068923902
-0.0
7.77368870017
0.13750352375
1.04730571478
-0.0
0.678071905113
0.501194143029
0.229025513669
1.79007693063
1.50250034053
-0.0
-0.0
-0.0
7.0997861197
-0.0
3.04231080486
0.273018494406
3.91288933623
-0.0
-0.0
5.32912359629
0.354664881299
-0.0
0.716207033999
0.667424660913
0.106915203917
0.34701907585
2.60266450245
3.86129372917
0.219313028404
3.31389077582
0.29754393626
1.22239242134
-0.0
0.584962500721
3.57692518166
-0.0
-0.0
1.96962635096
-0.0
1.19264507794
-0.0
1.35755200462
-0.0
0.859822341952
-0.0
-0.0
1.92599941856
0.817225166082
1.37705066613
2.27684020536
-0.0
0.13750352375
-0.0
-0.0
-0.0
2.94083792753
0.48542682717
2.54432051622
0.289506617195
0.375509135092
3.10433665981
1.716207034
0.685891409572
-0.0
-0.0
-0.0
0.216393680715
0.222392421336
-0.0
-0.0
-0.0
0.756728848988
4.33434226526
0.111031312389
-0.0
0.584962500721
0.0378433511447
0.835369298227
4.33091687811
0.807354922058
1.90689059561
-0.0
0.263034405834
0.502500340529
0.263034405834
-0.0
-0.0
0.169925001442
0.497499659471
0.234465253637
-0.0
0.616671360448
-0.0
-0.0
2.80735492206
0.129635280417
0.0189831033676
-0.0
0.425305834733
0.11547721742
1.03394733192
-0.0
-0.0
-0.0
0.459431618637
0.415037499279
0.263034405834
-0.0
-0.0
0.0291463456595
-0.0
-0.0
1.53605290024
0.0689473537175
0.0874628412503
0.409112665322
-0.0
-0.0
1.28688114779
-0.0
1.41503749928
0.69660785655
0.125530882084
-0.0
2.53605290024
2.10433665981
-0.0
-0.0
-0.0
1.41503749928
-0.0
5.46064549758
0.0931094043915
-0.0
-0.0
-0.0
-0.0
2.39231742278
3.72402653846
3.98489310761
0.51457317283
4.99498192523
-0.0
-0.0
-0.0
0.369233809666
2.95419631039
1.04439411936
2.318122668
0.0274807364221
2.07038932789
-0.0
-0.0
-0.0
3.16992500144
0.263034405834
-0.0
-0.0
-0.0
3.95109039952
6.69418374333
-0.0
-0.0
0.160464672193
0.166649869409
-0.0
-0.0
1.26303440583
0.263034405834
-0.0
0.192645077942
1.83399004856
-0.0
2.25347279269
-0.0
-0.0
9.03672310601
-0.0
0.371968777387
-0.0
-0.0
-0.0
-0.0
0.807354922058
0.0671141958585
-0.0
0.082462160192
-0.0
-0.0
0.51457317283
-0.0
-0.0
2.51457317283
0.450358035012
1.43295940728
3.17719300191
1.04782852509
1.67503784502
2.35049724708
2.96578428466
1.9233787184
3.49353947296
3.0
0.224706287175
0.321928094887
-0.0
2.35755200462
5.92864899697
-0.0
-0.0
-0.0
-0.0
-0.0
0.777607578664
0.106915203917
0.348895142488
-0.0
4.16733720695
0.169925001442
-0.0
5.88264304936
0.86249647625
-0.0
-0.0
-0.0
0.646200130243
-0.0
-0.0
-0.0
-0.0
-0.0
-0.0
2.34577483684
-0.0
0.83494075373
-0.0
-0.0
0.192645077942
-0.0
-0.0
-0.0
-0.0
-0.0
0.289506617195
1.19930880822
0.0842689168976
-0.0
0.530514716699
0.299560281859
0.415037499279
-0.0
2.65486451395
1.18442457114
1.46712601043
1.39231742278
1.87446911792
8.26502894246
0.643856189775
0.0117771677764
-0.0
-0.0
1.0
2.94753258011
2.72781054192
0.162271428899
0.211504105194
0.807354922058
1.88041838425
1.29545588353
-0.0
-0.0
-0.0
-0.0
1.82966508378
1.7208459288
0.50695998872
2.13750352375
-0.0
2.99638874645
0.362570079385
-0.0
-0.0
0.0414596070984
1.26732176424
-0.0
0.263034405834
-0.0
0.777607578664
0.263034405834
-0.0
0.263034405834
0.222392421336
1.27301849441
0.192645077942
-0.0
-0.0
0.0995356735509
0.569020956852
3.57692518166
1.43609911481
-0.0
-0.0
-0.0
-0.0
2.22239242134
0.0565835283664
3.27301849441
-0.0
-0.0
0.0671141958585
-0.0
1.47393118833
-0.0
0.146289442251
-0.0
-0.0
-0.0
-0.0
-0.0
-0.0
-0.0
-0.0
-0.0
0.558387628359
6.08138832684
0.447458976971
-0.0
1.77529371283
0.476438043943
0.370368449945
2.05444778402
-0.0
0.152003093445
-0.0
0.502500340529
-0.0
-0.0
-0.0
-0.0
3.36074734378
-0.0
0.280107919193
0.10236171763
0.710493382805
-0.0
3.01630181233
-0.0
7.47876961948
-0.0
-0.0
-0.0
-0.0
0.0901978089716
1.1643868179
-0.0
-0.0
0.082462160192
-0.0
-0.0
0.362570079385
2.30580842952
0.289506617195
-0.0
1.078002512
-0.0
1.32192809489
1.40717538151
-0.0
0.362570079385
-0.0
2.41895254928
-0.0
2.96082940272
-0.0
-0.0
-0.0
2.5077946402
-0.0
0.898120385981
0.169925001442
-0.0
-0.0
0.13750352375
2.32192809489
-0.0
-0.0
-0.0
-0.0
7.57994442595
0.574545884776
2.72246602447
-0.0
-0.0
1.78902555095
-0.0
0.678071905113
-0.0
1.21330454851
-0.0
3.5077946402
-0.0
1.15024263558
0.111031312389
0.263034405834
0.0443941193585
-0.0
-0.0
1.57332780024
1.90689059561
2.90689059561
-0.0
-0.0
-0.0
0.263034405834
-0.0
1.94753258011
-0.0
-0.0
-0.0
0.296981737757
-0.0
0.43063435433
5.07324898203
-0.0
0.765534746363
1.59083667431
4.0
1.93859945534
1.45943161864
0.440572591386
1.94753258011
-0.0
3.47573343097
1.37851162325
1.04182017569
-0.0
-0.0
0.0780025120013
-0.0
-0.0
-0.0
-0.0
0.145850866463
-0.0
0.807354922058
0.0874628412503
-0.0
-0.0
-0.0
-0.0
3.35587542681
1.63279102581
0.178848080464
0.148863385914
1.93859945534
0.362570079385
-0.0
0.103093492964
-0.0
3.85085656069
0.628031222613
2.7725895039
-0.0
4.89885327654
1.0
-0.0
4.08579787276
-0.0
-0.0
2.26303440583
0.978626349207
-0.0
0.563900885193
0.222392421336
-0.0
0.263034405834
-0.0
-0.0
-0.0
0.321928094887
0.180572245642
-0.0
